263.7555847167969 80.0
172.36224365234375 62.0
476.89984130859375 251.0
636.80126953125 312.0
271.07470703125 120.0
194.83779907226562 92.0
564.1014404296875 288.0
636.3443603515625 236.0
311.6856994628906 159.0
458.05291748046875 321.0
393.3983459472656 318.0
434.0716857910156 146.0
564.90087890625 463.0
663.548828125 431.0
401.3791198730469 197.0
482.7663879394531 370.0
182.8844757080078 176.0
698.75341796875 430.0
236.4678497314453 203.0
381.1922607421875 405.0
540.2861938476562 226.0
103.17835998535156 66.0
246.29605102539062 166.0
327.4912414550781 95.0
540.41259765625 243.0
488.243896484375 142.0
566.6405029296875 224.0
499.28509521484375 185.0
476.9817199707031 227.0
542.0205078125 259.0
430.31976318359375 154.0
429.6326904296875 288.0
485.82666015625 121.0
172.7271728515625 54.0
568.1715698242188 155.0
576.6373901367188 523.0
496.1012268066406 271.0
466.0077819824219 281.0
465.2881164550781 141.0
167.88311767578125 133.0
460.25439453125 206.0
398.4620056152344 164.0
523.0804443359375 234.0
185.11505126953125 90.0
273.106201171875 297.0
539.2152709960938 494.0
224.48374938964844 79.0
558.5804443359375 187.0
176.44776916503906 81.0
247.05604553222656 158.0
348.781982421875 171.0
393.455078125 287.0
281.2718200683594 137.0
326.45269775390625 50.0
529.586181640625 336.0
283.0186767578125 130.0
366.6766357421875 139.0
237.94833374023438 83.0
584.8912353515625 316.0
481.3697204589844 154.0
274.432861328125 56.0
391.6781921386719 280.0
306.2169494628906 112.0
259.6463623046875 63.0
292.874755859375 112.0
505.6380920410156 158.0
237.0516357421875 75.0
568.1223754882812 177.0
462.97235107421875 350.0
657.518798828125 310.0
270.3412780761719 105.0
375.6673889160156 173.0
306.2138671875 308.0
590.602294921875 370.0
186.44320678710938 56.0
696.0047607421875 245.0
482.86865234375 255.0
348.2618713378906 57.0
557.4866333007812 243.0
200.52713012695312 77.0
274.2734069824219 102.0
287.8072509765625 202.0
196.47354125976562 99.0
266.43438720703125 47.0
85.94316101074219 65.0
580.3245849609375 406.0
182.6632843017578 56.0
208.08151245117188 185.0
529.7188720703125 373.0
517.80615234375 96.0
524.2509155273438 231.0
367.58221435546875 245.0
89.75860595703125 82.0
499.79931640625 320.0
277.8880615234375 79.0
615.0357666015625 177.0
384.3133544921875 246.0
505.1332702636719 409.0
343.21685791015625 189.0
565.6163940429688 428.0
517.3743896484375 362.0
469.62347412109375 195.0
563.482421875 404.0
290.111328125 283.0
292.0967712402344 91.0
350.6159973144531 223.0
10.763675689697266 80.0
20.845046997070312 62.0
257.9862365722656 251.0
289.337646484375 312.0
128.17529296875 120.0
20.374191284179688 92.0
259.82293701171875 288.0
188.53427124023438 236.0
51.782005310058594 159.0
145.9395294189453 321.0
196.31536865234375 318.0
140.9954071044922 146.0
400.6646728515625 463.0
362.81787109375 431.0
184.35659790039062 197.0
304.5703125 370.0
78.34852600097656 176.0
362.6549072265625 430.0
73.21503448486328 203.0
140.5994873046875 405.0
134.68936157226562 226.0
26.045246124267578 66.0
52.174827575683594 166.0
61.63005447387695 95.0
195.56564331054688 243.0
77.70265197753906 142.0
98.30052947998047 224.0
155.83837890625 185.0
98.85405731201172 227.0
179.64639282226562 259.0
115.31063079833984 154.0
144.04513549804688 288.0
87.11556243896484 121.0
40.15680694580078 54.0
102.72908020019531 155.0
353.841552734375 523.0
195.18899536132812 271.0
121.26483154296875 281.0
45.26493835449219 141.0
52.76183319091797 133.0
94.37583923339844 206.0
90.70660400390625 164.0
169.78021240234375 234.0
7.4970879554748535 90.0
118.29257202148438 297.0
344.818359375 494.0
13.380645751953125 79.0
137.29653930664062 187.0
50.84104919433594 81.0
117.90552520751953 158.0
49.372596740722656 171.0
194.72634887695312 287.0
87.9776840209961 137.0
12.538178443908691 50.0
228.74789428710938 336.0
76.07361602783203 130.0
27.341245651245117 139.0
11.744586944580078 83.0
297.8225402832031 316.0
85.98624420166016 154.0
13.828658103942871 56.0
154.45321655273438 280.0
79.66343688964844 112.0
9.250467300415039 63.0
29.57866096496582 112.0
116.46586608886719 158.0
82.03140258789062 75.0
60.52690887451172 177.0
125.82015991210938 350.0
258.9454040527344 310.0
46.27422332763672 105.0
92.5130844116211 173.0
185.82528686523438 308.0
339.23834228515625 370.0
9.233970642089844 56.0
138.9036102294922 245.0
162.80929565429688 255.0
41.75243377685547 57.0
178.75904846191406 243.0
64.03704071044922 77.0
24.497554779052734 102.0
170.94219970703125 202.0
103.47917175292969 99.0
8.381091117858887 47.0
38.73926544189453 65.0
389.7852783203125 406.0
11.295761108398438 56.0
80.18669128417969 185.0
362.4493103027344 373.0
61.542625427246094 96.0
110.33692932128906 231.0
100.07933044433594 245.0
33.37363815307617 82.0
179.38401794433594 320.0
14.273184776306152 79.0
123.49861145019531 177.0
64.69876861572266 246.0
154.55633544921875 409.0
108.11305236816406 189.0
280.7160339355469 428.0
324.13330078125 362.0
82.31930541992188 195.0
368.32928466796875 404.0
186.52200317382812 283.0
22.20278549194336 91.0
112.45513916015625 223.0
21.027929306030273 80.0
27.500831604003906 62.0
208.19647216796875 251.0
219.38372802734375 312.0
105.25065612792969 120.0
30.197961807250977 92.0
194.57174682617188 288.0
146.5576171875 236.0
74.7835693359375 159.0
189.4320068359375 321.0
221.9064483642578 318.0
108.34228515625 146.0
363.6493835449219 463.0
300.4443359375 431.0
157.34747314453125 197.0
274.19580078125 370.0
82.06322479248047 176.0
312.96893310546875 430.0
75.61190032958984 203.0
163.8817901611328 405.0
110.68429565429688 226.0
31.125917434692383 66.0
81.81095123291016 166.0
53.14189910888672 95.0
154.88490295410156 243.0
59.746307373046875 142.0
88.64270782470703 224.0
118.84790802001953 185.0
128.0111083984375 227.0
166.4161376953125 259.0
106.01776123046875 154.0
182.33370971679688 288.0
54.080116271972656 121.0
43.62308883666992 54.0
98.06378936767578 155.0
355.3276672363281 523.0
196.3154296875 271.0
155.27134704589844 281.0
47.98802185058594 141.0
56.220985412597656 133.0
125.1596908569336 206.0
113.07179260253906 164.0
143.7081298828125 234.0
16.953908920288086 90.0
129.80859375 297.0
347.71136474609375 494.0
16.6063289642334 79.0
111.13812255859375 187.0
70.02568054199219 81.0
112.38844299316406 158.0
65.35432434082031 171.0
179.37887573242188 287.0
83.80967712402344 137.0
22.185949325561523 50.0
228.20639038085938 336.0
89.48997497558594 130.0
52.096370697021484 139.0
24.795455932617188 83.0
244.10714721679688 316.0
76.45380401611328 154.0
23.286853790283203 56.0
180.135009765625 280.0
102.55224609375 112.0
17.255142211914062 63.0
40.67924499511719 112.0
100.883056640625 158.0
74.13655090332031 75.0
52.42964172363281 177.0
177.02020263671875 350.0
225.8944549560547 310.0
58.216041564941406 105.0
120.81549072265625 173.0
183.18385314941406 308.0
288.70013427734375 370.0
20.016809463500977 56.0
124.63514709472656 245.0
152.593994140625 255.0
31.963394165039062 57.0
152.57626342773438 243.0
79.88817596435547 77.0
34.6246337890625 102.0
143.7156524658203 202.0
87.20606994628906 99.0
16.14440155029297 47.0
42.27765655517578 65.0
357.24847412109375 406.0
17.0985107421875 56.0
88.5033187866211 185.0
331.4143371582031 373.0
40.027584075927734 96.0
126.46878051757812 231.0
120.87543487548828 245.0
42.6451416015625 82.0
209.95626831054688 320.0
18.796314239501953 79.0
113.73222351074219 177.0
91.2099609375 246.0
198.06881713867188 409.0
143.00454711914062 189.0
302.906982421875 428.0
303.7131652832031 362.0
111.85545349121094 195.0
342.86273193359375 404.0
193.91049194335938 283.0
32.09583282470703 91.0
133.22784423828125 223.0
255.23435974121094 80.0
175.02822875976562 62.0
525.6659545898438 251.0
655.3101196289062 312.0
318.15618896484375 120.0
201.11578369140625 92.0
616.8717651367188 288.0
731.0313720703125 236.0
338.9096374511719 159.0
558.777587890625 321.0
481.68475341796875 318.0
532.1209716796875 146.0
603.5790405273438 463.0
786.1930541992188 431.0
467.06695556640625 197.0
490.01397705078125 370.0
231.27508544921875 176.0
815.9111328125 430.0
256.9498291015625 203.0
448.1794128417969 405.0
582.4732666015625 226.0
148.98690795898438 66.0
311.81494140625 166.0
262.76458740234375 95.0
612.6771850585938 243.0
535.03564453125 142.0
603.140625 224.0
596.1586303710938 185.0
506.7378234863281 227.0
495.29962158203125 259.0
432.63983154296875 154.0
532.325439453125 288.0
477.3169860839844 121.0
182.51364135742188 54.0
597.0757446289062 155.0
724.5770263671875 523.0
513.335693359375 271.0
506.0152893066406 281.0
418.62847900390625 141.0
194.08612060546875 133.0
536.4439697265625 206.0
433.3970947265625 164.0
557.974609375 234.0
203.99696350097656 90.0
339.78216552734375 297.0
686.3092041015625 494.0
208.93539428710938 79.0
618.9522705078125 187.0
202.1201171875 81.0
291.2894287109375 158.0
331.30157470703125 171.0
437.3334655761719 287.0
292.0950927734375 137.0
324.3990783691406 50.0
536.96533203125 336.0
300.6302795410156 130.0
389.19573974609375 139.0
262.129638671875 83.0
618.6131591796875 316.0
480.02313232421875 154.0
253.08511352539062 56.0
461.38507080078125 280.0
344.51922607421875 112.0
247.0902557373047 63.0
269.7805480957031 112.0
424.74273681640625 158.0
180.59088134765625 75.0
516.930908203125 177.0
595.3516845703125 350.0
768.000732421875 310.0
283.3829345703125 105.0
441.44366455078125 173.0
382.7790222167969 308.0
678.2085571289062 370.0
193.85606384277344 56.0
771.4700927734375 245.0
462.6080322265625 255.0
330.6114501953125 57.0
634.5717163085938 243.0
265.9566955566406 77.0
291.60772705078125 102.0
365.4754333496094 202.0
268.756591796875 99.0
243.77151489257812 47.0
113.50572204589844 65.0
641.796142578125 406.0
171.2280731201172 56.0
255.92529296875 185.0
576.64990234375 373.0
571.4110717773438 96.0
596.865478515625 231.0
375.71795654296875 245.0
163.47430419921875 82.0
539.5660400390625 320.0
276.6524658203125 79.0
748.6006469726562 177.0
402.5464172363281 246.0
608.2139282226562 409.0
417.0882873535156 189.0
706.39208984375 428.0
537.7967529296875 362.0
529.7942504882812 195.0
595.2642822265625 404.0
388.8172607421875 283.0
276.69537353515625 91.0
384.9561462402344 223.0
